0 1
0 2
0 3
1 123
1 3
10 11
102 103
102 104
104 105
104 106
107 108
108 109
108 110
108 112
108 115
109 112
109 113
109 114
110 111
111 130
111 131
113 116
113 119
113 120
115 116
115 117
116 120
117 118
118 119
12 13
121 122
122 123
122 124
124 151
125 126
126 127
127 128
129 240
13 14
13 15
13 16
131 132
131 133
132 133
132 134
133 135
133 213
134 163
134 338
134 342
134 344
134 345
134 346
134 348
134 349
134 350
134 351
134 352
134 353
134 378
134 379
136 137
136 138
136 139
136 140
136 142
136 143
136 144
136 145
136 146
136 150
136 158
136 159
136 160
137 140
137 141
137 142
137 143
137 144
137 145
137 146
137 150
137 160
138 139
138 140
138 159
139 140
139 149
139 151
139 158
139 159
14 15
14 17
140 141
140 142
140 143
140 144
140 145
140 146
140 147
140 148
140 157
140 161
140 164
140 167
140 209
140 213
140 307
141 147
141 148
141 149
142 143
142 150
143 150
143 151
143 168
144 149
144 157
144 162
145 146
145 160
146 151
146 160
146 168
147 148
147 149
148 157
149 167
149 169
15 18
150 151
151 157
151 158
151 159
151 160
151 161
152 153
153 154
153 155
153 156
153 157
155 156
156 157
158 159
158 161
158 162
159 161
16 18
163 164
164 165
164 166
164 278
164 344
164 345
164 346
164 347
164 349
164 350
164 351
164 374
165 167
166 341
166 433
168 169
17 101
17 107
17 108
17 115
17 116
17 122
17 124
17 136
17 137
17 138
17 139
17 140
17 141
17 142
17 143
17 144
17 145
17 146
17 147
17 148
17 149
17 150
17 157
17 158
17 159
17 160
17 161
17 189
17 190
17 191
17 195
17 196
17 198
17 199
17 200
17 201
17 202
17 203
17 204
17 205
17 206
17 209
17 210
17 211
17 212
17 22
17 52
17 85
17 86
17 88
17 89
17 90
17 91
17 93
17 94
17 96
17 97
17 99
170 171
170 172
171 173
171 184
171 189
171 190
171 195
171 196
171 197
171 198
171 199
171 200
171 201
171 202
171 203
171 204
171 205
171 207
172 190
172 213
173 209
173 212
174 175
174 176
174 177
174 178
174 179
174 180
174 181
174 182
175 177
175 196
176 177
176 178
176 179
176 180
176 181
176 182
176 188
176 192
176 194
176 195
177 178
177 179
177 198
177 206
178 180
178 183
178 199
179 180
179 181
179 184
179 185
179 187
179 200
179 206
180 189
180 192
180 201
180 206
181 182
181 194
181 203
181 206
182 204
183 184
185 186
186 187
187 188
187 189
188 191
188 192
188 193
188 206
189 190
189 191
19 20
19 21
19 22
190 212
191 197
191 199
191 206
192 193
192 202
195 196
195 197
195 198
195 199
195 200
195 201
195 202
195 203
195 204
195 205
195 206
196 197
196 198
196 206
197 198
197 199
197 200
197 201
197 202
197 203
197 204
197 205
197 207
198 206
199 200
199 206
2 136
2 138
2 139
2 142
2 143
2 144
2 145
2 146
2 148
2 165
2 168
2 3
20 21
20 31
20 32
20 33
20 34
20 35
20 37
20 38
20 39
200 206
200 208
201 202
201 206
201 208
202 203
202 206
203 206
204 205
204 206
205 206
205 207
209 210
209 211
21 101
21 128
21 129
21 31
21 32
21 33
21 34
21 35
21 37
21 38
21 39
21 41
21 429
21 44
21 45
21 46
21 47
21 54
21 56
21 67
21 69
21 70
21 71
21 75
21 78
21 85
21 86
21 90
21 91
21 97
21 98
21 99
211 212
213 214
213 215
215 216
217 218
218 219
219 220
22 141
22 142
22 143
22 144
22 147
22 149
22 150
22 167
22 35
22 37
22 38
22 52
22 84
220 221
221 222
222 223
223 224
224 225
225 226
226 227
227 228
228 229
229 230
23 24
23 25
230 231
231 232
232 233
232 234
233 235
234 267
234 268
234 338
234 342
235 236
236 237
237 238
237 240
237 241
237 242
237 246
238 239
238 240
239 240
239 291
239 340
239 354
24 25
24 26
24 27
24 28
24 29
240 248
240 290
240 293
240 296
240 298
240 304
240 310
240 324
240 333
240 334
240 362
240 408
240 410
240 411
240 412
240 434
240 435
241 279
241 280
241 281
241 305
241 320
241 321
241 435
242 243
242 244
242 245
243 244
243 245
243 274
243 280
243 304
243 306
243 307
243 308
243 309
243 310
243 311
243 312
243 313
243 314
243 315
243 318
243 319
243 325
243 326
243 327
243 328
243 329
244 245
244 280
244 306
244 318
245 274
245 279
245 280
245 306
245 307
245 308
245 309
245 310
245 311
245 312
245 313
245 314
245 315
245 318
245 319
245 324
245 325
245 326
245 327
245 328
245 329
246 247
247 248
248 249
249 250
249 251
249 252
249 253
25 26
253 254
254 255
255 256
256 257
257 258
258 259
259 260
26 27
260 261
261 262
262 263
263 264
264 265
264 267
264 268
264 269
265 266
266 360
269 270
27 28
270 271
271 272
272 273
274 275
274 276
274 277
274 278
274 285
274 316
275 277
275 278
275 279
275 280
275 281
275 282
275 435
276 278
276 283
276 285
276 286
276 287
276 288
277 278
277 289
277 291
277 292
277 293
277 294
277 295
277 316
277 364
277 370
277 374
278 286
278 290
278 296
278 299
278 300
278 316
278 365
278 366
278 374
278 375
278 376
278 377
278 378
278 379
278 380
278 381
278 382
278 383
278 384
278 385
278 386
278 389
278 390
278 394
278 395
278 396
278 397
278 398
278 399
278 400
278 401
278 402
278 403
278 411
278 412
279 280
279 310
279 311
279 316
279 317
279 320
279 435
28 29
28 30
280 281
280 316
280 317
280 320
280 435
281 282
281 316
281 317
281 320
281 321
281 322
281 325
281 331
281 332
281 408
281 409
281 410
281 411
281 412
281 435
282 283
283 284
283 286
284 285
286 287
286 288
286 434
288 291
288 292
288 415
288 416
289 290
289 291
289 292
289 293
289 294
289 295
290 293
290 296
290 297
290 298
290 299
290 300
290 301
290 302
290 334
291 292
291 294
291 413
291 416
291 417
291 418
291 419
291 420
291 421
291 422
291 425
291 427
291 428
292 294
292 413
292 416
292 417
292 418
292 419
292 420
292 421
292 422
292 428
293 294
293 297
293 298
293 303
293 334
293 367
293 413
293 416
293 417
293 419
293 420
293 421
293 422
293 431
294 413
294 416
294 417
294 419
294 420
294 421
294 422
295 363
295 364
296 297
296 298
296 299
296 300
296 301
296 305
296 330
296 334
296 335
296 434
297 298
297 379
298 303
298 334
299 358
299 371
299 372
299 374
299 394
3 105
3 108
3 109
3 11
3 117
3 118
3 119
3 12
3 120
3 121
3 122
3 123
3 124
3 132
3 136
3 137
3 138
3 139
3 140
3 141
3 142
3 143
3 144
3 145
3 146
3 147
3 148
3 149
3 15
3 150
3 152
3 153
3 155
3 157
3 158
3 159
3 16
3 160
3 163
3 164
3 165
3 166
3 167
3 168
3 17
3 170
3 172
3 213
3 214
3 215
3 216
3 22
3 237
3 25
3 254
3 256
3 26
3 27
3 28
3 29
3 30
3 31
3 32
3 338
3 342
3 344
3 345
3 346
3 348
3 349
3 350
3 351
3 352
3 353
3 365
3 366
3 378
3 379
3 40
3 406
3 41
3 42
3 43
3 44
3 45
3 46
3 47
3 48
3 5
3 50
3 52
3 54
3 56
3 6
3 63
3 67
3 69
3 7
3 70
3 75
3 79
3 82
3 83
3 84
3 92
3 98
300 384
300 394
300 395
300 397
300 399
300 401
300 411
301 304
301 305
301 312
301 327
301 330
301 334
301 335
302 303
303 361
304 305
305 306
306 319
307 316
307 321
308 316
308 330
309 317
309 325
309 330
31 32
31 33
31 34
31 35
31 36
31 37
31 38
31 39
310 333
311 319
311 326
312 313
312 327
313 314
313 328
314 325
314 329
314 335
315 335
316 318
316 322
316 435
317 331
317 332
317 435
318 322
318 323
319 326
32 37
320 332
320 333
320 435
323 324
324 333
326 327
327 328
328 329
329 334
33 36
33 39
336 337
336 344
336 345
336 346
336 348
336 349
336 350
336 351
336 352
336 353
337 338
337 339
337 340
337 341
339 340
339 359
339 360
34 35
34 36
34 37
34 38
340 353
342 343
343 344
343 345
343 346
343 347
343 348
343 349
343 350
343 351
343 352
343 353
354 355
355 356
356 357
356 358
357 358
357 359
358 359
358 371
358 372
361 362
362 363
365 366
366 434
367 430
37 38
370 374
371 372
374 375
374 376
374 377
375 381
375 382
375 392
375 394
376 411
376 412
376 419
376 424
376 425
376 427
376 428
377 386
377 393
377 402
38 39
380 381
380 382
381 383
381 397
382 383
382 390
382 393
382 395
382 396
383 384
383 385
383 395
384 386
385 395
385 402
385 405
386 387
386 388
386 401
388 389
389 390
389 399
390 391
391 392
392 393
394 399
4 5
4 6
40 41
40 42
40 43
40 44
40 45
40 46
40 47
40 48
40 54
40 56
40 75
401 402
406 407
408 409
408 410
408 411
408 412
408 413
408 414
408 415
409 410
409 411
409 412
409 413
41 221
41 42
41 49
410 413
410 417
411 413
411 420
411 427
412 413
412 425
413 414
413 415
413 417
413 419
413 420
413 421
413 422
413 423
416 421
417 419
417 422
418 419
418 420
419 422
419 426
42 129
42 240
42 290
42 296
42 297
42 298
42 300
42 303
42 365
42 366
42 381
42 383
42 384
42 385
42 386
42 389
42 394
42 395
42 396
42 397
42 398
42 399
42 400
42 401
42 402
42 403
42 407
42 43
42 44
42 45
42 46
42 47
42 48
42 49
42 50
42 54
42 56
42 57
42 59
42 60
42 61
42 62
42 63
42 64
42 67
42 68
42 69
42 70
42 71
42 72
42 75
420 421
420 422
421 422
421 423
425 427
425 428
426 427
427 428
429 430
43 49
43 53
431 432
432 433
44 54
44 55
45 57
45 65
46 65
46 66
47 54
47 61
47 73
47 74
47 75
48 50
48 75
49 50
49 51
49 52
5 7
50 52
50 72
51 67
51 72
52 117
52 118
52 141
52 143
52 144
52 147
52 149
52 167
52 169
52 407
52 72
53 54
56 57
57 278
57 290
57 296
57 374
57 410
57 411
57 412
57 58
57 59
57 60
57 61
57 62
57 63
57 64
58 371
58 59
58 61
58 62
58 63
59 296
59 60
6 121
6 145
6 146
6 149
6 160
6 167
6 17
6 33
6 39
6 79
60 296
60 372
60 63
61 62
61 72
62 299
62 63
63 134
63 296
63 373
63 64
64 296
64 373
66 108
66 109
66 114
66 115
66 116
66 89
66 93
66 94
67 69
67 70
67 71
68 368
68 70
68 71
69 129
69 366
69 367
7 10
7 8
7 9
70 129
70 293
70 367
70 71
71 293
71 367
71 368
71 369
76 77
77 298
77 303
77 78
78 303
79 80
8 17
8 21
8 85
8 87
80 81
82 83
83 84
85 101
85 86
85 87
85 88
85 90
85 91
85 97
85 98
85 99
86 101
86 87
86 89
86 90
86 91
86 97
86 98
86 99
87 101
87 106
87 89
87 90
87 91
87 92
87 93
87 94
87 96
87 97
87 98
87 99
88 103
88 104
88 105
89 92
89 93
9 130
9 20
90 100
90 101
90 98
91 101
91 97
91 99
92 94
92 95
93 94
93 95
93 96
94 115
94 96
95 97
97 98
97 99
98 100
99 101
