3 4
3 4
3 4
3 6
3 6
6 5
7 0
7 0
7 51
7 51
7 2
7 2
7 3
9 7
9 0
9 51
9 51
9 2
9 2
9 3
10 0
11 101
11 101
12 101
12 101
13 7
13 0
13 51
13 51
13 2
13 2
13 3
14 0
14 13
14 18
15 6
15 5
19 7
19 0
19 51
19 51
19 2
19 2
19 3
20 101
20 101
21 101
21 101
22 0
23 7
23 25
23 25
23 0
23 51
23 51
23 2
23 2
23 3
24 25
26 0
26 25
27 51
27 191
27 53
27 54
27 52
27 79
27 79
30 6
30 5
34 27
35 27
35 4
35 4
40 55
51 53
51 54
52 4
52 4
53 8
53 7
53 4
53 7
54 8
54 7
54 52
54 55
54 55
54 52
54 7
54 52
56 46
56 46
57 98
57 120
57 120
57 120
57 181
57 181
57 120
57 120
57 66
57 66
57 121
57 121
57 99
57 99
57 59
57 59
60 84
60 94
60 66
60 94
60 57
60 57
60 57
60 66
60 90
60 85
60 85
62 64
65 64
65 64
66 73
66 57
66 72
67 66
67 66
67 66
67 66
67 66
67 66
67 73
67 57
67 72
68 66
68 66
68 66
68 66
68 66
68 66
68 73
68 57
68 72
69 66
69 66
69 66
69 66
69 66
69 66
69 73
69 57
69 72
70 66
70 66
70 66
70 66
70 66
70 66
70 73
70 57
70 72
71 66
71 66
71 66
71 66
71 66
71 66
71 73
71 57
71 72
73 57
73 57
73 74
73 57
76 90
76 90
76 90
76 90
79 57
79 120
79 99
79 80
79 80
79 81
79 81
79 129
79 129
79 125
79 125
79 99
79 120
79 120
79 181
79 181
79 120
79 120
79 66
79 66
79 121
79 121
79 99
79 59
79 59
82 125
82 92
82 92
83 92
84 66
84 57
84 57
84 57
84 66
84 90
84 85
84 85
86 88
86 57
86 180
86 180
86 57
86 88
86 66
86 57
89 79
89 120
89 100
89 100
89 99
89 80
89 80
89 81
89 81
89 129
89 129
89 125
89 125
89 99
89 120
89 120
89 181
89 181
89 120
89 120
89 66
89 66
89 121
89 121
89 99
89 59
89 59
90 57
90 120
90 120
90 120
90 181
90 181
90 120
90 120
90 66
90 66
90 121
90 121
90 99
90 99
90 59
90 59
94 93
95 98
95 98
98 99
101 91
103 120
103 65
103 120
103 120
103 64
103 64
103 104
103 104
105 120
106 120
106 120
109 65
109 64
109 64
112 109
112 120
112 64
112 64
113 120
113 65
113 64
113 64
114 65
114 64
114 64
118 114
118 120
118 64
118 64
119 120
122 121
122 79
124 121
125 92
125 92
126 127
126 84
126 89
126 84
126 183
126 128
126 128
127 183
127 128
127 128
129 127
129 79
130 127
130 133
130 133
131 127
132 127
132 127
133 131
133 131
134 179
141 180
144 181
145 64
147 64
150 92
153 144
155 165
158 84
161 144
162 57
162 57
165 183
166 133
166 131
166 131
168 133
168 131
168 131
172 185
174 73
174 57
174 57
174 57
174 74
174 57
175 174
175 57
175 57
175 57
175 74
175 57
176 73
176 57
176 57
176 74
176 57
177 73
177 57
177 57
177 74
177 57
178 73
178 57
178 57
178 74
178 57
182 99
182 185
182 99
184 120
184 120
186 191
186 189
186 189
190 186
191 79
191 79
192 120
192 242
192 120
192 310
192 310
192 242
192 242
192 240
192 240
192 99
192 99
193 192
193 120
193 120
193 192
193 120
193 310
193 310
193 242
193 242
193 192
193 192
193 240
193 240
193 99
193 99
194 313
194 211
194 211
194 213
194 120
194 120
194 211
194 213
194 211
194 213
194 213
194 205
194 205
194 99
194 99
194 198
195 192
195 120
195 120
195 192
195 57
195 212
195 212
195 90
195 196
195 197
195 197
195 120
195 310
195 310
195 242
195 242
195 192
195 192
195 240
195 240
195 99
195 99
196 126
197 98
197 120
197 120
197 311
197 78
197 78
197 99
197 99
198 194
202 386
202 383
202 383
203 198
205 208
205 207
206 120
206 80
206 120
206 80
207 206
207 120
207 120
207 80
208 206
208 120
208 80
208 120
208 80
208 209
208 209
210 206
210 120
210 80
210 120
210 129
210 129
210 80
211 213
213 192
213 211
213 241
213 241
214 240
215 241
215 192
216 193
216 195
216 195
216 195
218 214
219 214
219 302
220 214
220 302
221 218
221 298
222 227
222 212
222 212
223 218
223 298
224 227
224 212
224 212
225 218
225 298
226 227
226 212
226 212
227 212
227 212
228 218
228 298
229 227
229 212
229 212
230 218
230 298
231 227
231 212
231 212
232 218
232 298
233 227
233 212
233 212
234 218
234 298
235 227
235 212
235 212
237 215
237 213
237 192
238 215
238 213
238 192
239 214
239 242
241 192
242 244
242 192
242 192
243 244
245 243
246 301
246 300
248 243
251 310
258 127
258 183
258 128
258 128
260 129
260 127
260 79
262 311
266 312
271 128
272 133
272 131
272 131
274 79
274 120
274 99
274 80
274 80
274 81
274 81
274 129
274 129
274 125
274 125
274 99
274 120
274 120
274 181
274 181
274 120
274 120
274 66
274 66
274 121
274 121
274 99
274 59
274 59
275 86
275 88
275 57
275 180
275 180
275 57
275 88
275 66
275 57
278 313
278 211
286 133
286 131
286 131
289 191
289 79
289 79
291 127
291 183
291 128
291 128
293 191
293 79
293 79
296 278
297 73
297 57
297 57
297 74
297 57
298 242
298 79
298 212
298 303
298 212
298 244
298 244
298 57
298 212
298 303
298 212
298 197
298 197
298 303
298 301
298 301
298 192
298 192
299 79
299 212
299 303
299 212
299 57
299 212
299 303
299 212
299 197
299 212
299 212
301 300
302 242
302 244
302 244
302 192
302 192
303 66
303 312
303 312
303 90
303 196
303 196
303 212
303 90
303 212
303 212
303 212
303 84
303 90
304 66
304 66
304 66
304 66
304 66
304 66
304 73
304 57
304 72
313 211
314 144
315 129
315 127
315 79
316 128
317 165
317 84
318 66
318 66
318 66
318 66
318 66
318 66
318 73
318 57
318 72
319 100
320 209
321 333
321 57
321 57
321 57
321 66
321 90
321 85
321 85
322 100
327 73
327 57
327 57
327 74
327 57
328 73
328 57
328 57
328 74
328 57
329 79
329 99
329 80
329 80
329 81
329 81
329 129
329 129
329 125
329 125
329 99
329 120
329 120
329 181
329 181
329 120
329 120
329 66
329 66
329 121
329 121
329 99
329 59
329 59
330 66
330 66
330 66
330 66
330 66
330 66
330 73
330 57
330 72
331 73
331 57
331 57
331 74
331 57
332 127
332 329
332 205
332 84
332 329
332 205
332 183
332 128
332 128
333 84
333 208
333 57
333 57
333 57
333 66
333 90
333 85
333 85
334 66
334 66
334 66
334 66
334 66
334 66
334 73
334 57
334 72
335 336
335 338
335 338
335 337
336 338
336 338
336 337
338 337
338 337
339 338
339 338
339 345
339 345
339 336
340 345
346 360
354 347
354 120
354 65
354 64
354 64
357 346
357 360
359 346
359 360
362 120
365 361
366 120
367 366
368 120
368 81
368 194
368 57
368 57
368 57
368 120
368 198
368 329
370 382
370 198
370 386
370 386
373 385
373 382
375 385
375 382
377 385
377 382
380 385
380 382
382 370
382 384
384 385
384 370
385 382
386 383
386 383
387 89
387 73
